{
  "generated_at": "2025-05-22T12:41:44.595951",
  "depot": 0,
  "coordinates": [
    [
      43.3675632,
      -5.8451636
    ],
    [
      43.5085146,
      -5.6905247
    ],
    [
      43.3607666,
      -5.8464678
    ],
    [
      43.5723151,
      -5.953141
    ],
    [
      43.538226,
      -5.7052566
    ],
    [
      43.5431511,
      -5.6657011
    ],
    [
      43.5227421,
      -5.6123918
    ],
    [
      42.56355,
      -5.5853883
    ],
    [
      43.3594233,
      -5.8560778
    ],
    [
      43.3612695,
      -5.8558175
    ],
    [
      43.4337191,
      -4.8138337
    ],
    [
      42.371406,
      -5.0293964
    ],
    [
      42.6140482,
      -5.5422876
    ],
    [
      43.5508174,
      -6.8320246
    ],
    [
      42.577842,
      -5.5892395
    ],
    [
      42.7262283,
      -5.8362717
    ],
    [
      43.5390934,
      -6.7235129
    ],
    [
      43.3699205,
      -5.846865
    ],
    [
      43.5347898,
      -5.659064
    ],
    [
      43.4010432,
      -5.811287
    ],
    [
      43.5675167,
      -6.9384967
    ],
    [
      43.36059,
      -5.8327467
    ],
    [
      43.3554669,
      -6.3770453
    ],
    [
      43.2083505,
      -5.7535247
    ]
  ],
  "addresses": [
    "Avenida de Pumar\u00edn, 17, 33001, Oviedo",
    "Calle Antonio Gaud\u00ed y Cornet, 165, 33211, Gij\u00f3n",
    "Calle Fruela, 3, 33007, Oviedo",
    "Avenida el Camp\u00f3n, 54, 33405, Salinas",
    "Avenida Argentina, 99A, 33213, Gij\u00f3n",
    "Calle Marqu\u00e9s de San Esteban, 6, 33206, Gij\u00f3n",
    "Calle del Profesor Potter, 105, 33203, Gij\u00f3n",
    "Calle San Antonio, 2D, 24009, Castilla y Le\u00f3n",
    "Calle Trece Rosas, 2, 33005, Oviedo",
    "Avenida de Galicia, 16, 33005, Oviedo",
    "Leku Celoriu, 5A, 33595, Celorio",
    "Calle Informantes, 10, 24320, Castilla y Le\u00f3n",
    "Calle Iglesia, 6, 24195, Castilla y Le\u00f3n",
    "Traves\u00eda de Prendon\u00e9s, 8, 33746, La Caridad",
    "Calle Obispo Inocencio Rodr\u00edguez, 11, 24009, Castilla y Le\u00f3n",
    "S/N, 24277, Castile and Le\u00f3n",
    "Calle Real, 6, 33710, Navia",
    "Calle Palmira Villa Gonz\u00e1lez-R\u00edo, 9, 33011, Oviedo",
    "Calle Antonio Cachero, 2, 33209, Gij\u00f3n",
    "Avenida Jos\u00e9 Tartiere, 15D, 33420, Lugones",
    "Avenida Roda, 5-7, 33740, Tapia de Casariego",
    "Calle Vetusta, 50, 33008, Oviedo",
    "Poligono Industrial la Curiscada, 532A, 33877",
    "Calle B, 17, 33610, Mieres"
  ],
  "routes": [
    {
      "vehicle_id": 1,
      "sequence": [
        0,
        1,
        4,
        5,
        18,
        6,
        10,
        23,
        2,
        21,
        0
      ],
      "visited": [
        false,
        false,
        false,
        false,
        false,
        false,
        false,
        false,
        false,
        false,
        false
      ]
    },
    {
      "vehicle_id": 2,
      "sequence": [
        0,
        15,
        12,
        11,
        7,
        14,
        8,
        0
      ],
      "visited": [
        false,
        false,
        false,
        false,
        false,
        false,
        false,
        false
      ]
    },
    {
      "vehicle_id": 3,
      "sequence": [
        0,
        9,
        22,
        16,
        13,
        20,
        3,
        19,
        17,
        0
      ],
      "visited": [
        false,
        false,
        false,
        false,
        false,
        false,
        false,
        false,
        false,
        false
      ]
    }
  ],
  "distance_matrix_hash": "7682214684765562183",
  "settings": {
    "service_time": 10,
    "start_time": 480,
    "vehicles": 3,
    "balance": true,
    "balance_threshold": 0.9,
    "fuel_price": 1.376,
    "fuel_consumption": 5.0,
    "price_per_hour": 14.0,
    "fuel_type": "diesel",
    "api_key": "5b3ce3597851110001cf6248c8e57a115b0dc3314d3cdedbc38516f97ac457a2c3bdac9542cd1ec7"
  },
  "distance_matrix": [
    [
      0.0,
      24159.81,
      1967.17,
      39855.14,
      32348.13,
      31861.06,
      38248.78,
      122112.79,
      2066.63,
      1945.9,
      99815.73,
      178170.72,
      127367.48,
      117409.93,
      121984.36,
      98031.32,
      109305.82,
      406.38,
      31991.09,
      5764.36,
      126961.29,
      1822.01,
      57906.44,
      29062.96
    ],
    [
      24159.81,
      0.0,
      26102.29,
      30488.17,
      6323.82,
      5025.38,
      10574.52,
      140742.39,
      25794.89,
      25674.16,
      84810.17,
      196800.33,
      145997.08,
      108042.96,
      140613.97,
      116660.93,
      99938.85,
      24257.49,
      4791.73,
      21088.23,
      117594.32,
      26508.35,
      85268.65,
      47692.57
    ],
    [
      1967.17,
      26102.29,
      0.0,
      40395.29,
      32888.29,
      32401.22,
      38788.94,
      120993.8,
      1734.26,
      1258.5,
      102445.46,
      177051.73,
      126248.48,
      117950.09,
      120865.37,
      96912.33,
      109845.98,
      2096.6,
      32531.24,
      7386.19,
      127501.45,
      2364.83,
      57090.37,
      27943.97
    ],
    [
      39855.14,
      30488.17,
      40395.29,
      0.0,
      33292.77,
      32805.7,
      39193.42,
      159426.36,
      42053.19,
      39722.24,
      113429.06,
      215484.3,
      164681.05,
      81856.63,
      159297.92,
      135344.89,
      73752.52,
      38660.22,
      32935.73,
      33322.48,
      91407.99,
      37829.59,
      56237.6,
      66376.53
    ],
    [
      32348.13,
      6323.82,
      32888.29,
      33292.77,
      0.0,
      3731.26,
      14615.29,
      144783.16,
      33501.16,
      31170.21,
      88850.93,
      200841.09,
      150037.84,
      109637.41,
      144654.73,
      120701.69,
      101533.3,
      30108.19,
      4791.55,
      24770.45,
      119188.77,
      29277.57,
      86863.1,
      51733.33
    ],
    [
      31861.06,
      5025.38,
      32401.22,
      32805.7,
      3731.26,
      0.0,
      6573.11,
      141621.72,
      33852.64,
      31521.68,
      84024.8,
      197679.64,
      146876.41,
      109988.89,
      141493.28,
      117540.24,
      101884.78,
      30459.66,
      1565.81,
      25121.93,
      119540.25,
      29629.04,
      87214.58,
      48571.89
    ],
    [
      38248.78,
      10574.52,
      38788.94,
      39193.42,
      14615.29,
      6573.11,
      0.0,
      144666.95,
      39841.08,
      37510.13,
      78601.27,
      200724.89,
      149921.64,
      115977.34,
      144538.52,
      120585.48,
      107873.22,
      34358.64,
      5465.17,
      31110.37,
      125528.69,
      35617.48,
      93203.02,
      51617.12
    ],
    [
      122112.79,
      140742.39,
      120993.8,
      159426.36,
      144783.16,
      141621.72,
      144666.95,
      0.0,
      120378.0,
      120766.38,
      205804.11,
      59575.15,
      10828.5,
      236419.16,
      2033.54,
      51079.28,
      228315.05,
      122075.44,
      140276.89,
      130655.83,
      245970.52,
      123370.29,
      173229.75,
      100836.16
    ],
    [
      2066.63,
      25794.89,
      1734.26,
      42053.19,
      33501.16,
      33852.64,
      39841.08,
      120378.0,
      0.0,
      522.68,
      101990.2,
      176457.59,
      125654.34,
      118373.34,
      120271.22,
      96318.18,
      110269.22,
      2420.35,
      32954.49,
      7484.16,
      127924.69,
      3996.47,
      56496.22,
      27349.82
    ],
    [
      1945.9,
      25674.16,
      1258.5,
      39722.24,
      31170.21,
      31521.68,
      37510.13,
      120766.38,
      522.68,
      0.0,
      101500.11,
      176846.05,
      126042.8,
      119094.3,
      120659.68,
      96706.64,
      110990.2,
      1930.27,
      33675.46,
      6994.08,
      128645.66,
      3506.39,
      56581.77,
      27738.28
    ],
    [
      99815.73,
      84810.17,
      102445.46,
      113429.06,
      88850.93,
      84024.8,
      78601.27,
      205804.11,
      101990.2,
      101500.11,
      0.0,
      250297.52,
      211631.89,
      190089.44,
      206248.78,
      182295.73,
      181985.31,
      100374.79,
      83613.94,
      95799.44,
      199640.78,
      99544.16,
      157162.53,
      113327.38
    ],
    [
      178170.72,
      196800.33,
      177051.73,
      215484.3,
      200841.09,
      197679.64,
      200724.89,
      59575.15,
      176457.59,
      176846.05,
      250297.52,
      0.0,
      61331.31,
      292383.97,
      60679.98,
      107044.08,
      284279.84,
      178040.23,
      196241.69,
      186620.63,
      301935.31,
      179335.09,
      229194.55,
      156800.97
    ],
    [
      127367.48,
      145997.08,
      126248.48,
      164681.05,
      150037.84,
      146876.41,
      149921.64,
      10828.5,
      125654.34,
      126042.8,
      211631.89,
      61331.31,
      0.0,
      245404.81,
      7282.88,
      32794.1,
      237300.7,
      131061.09,
      149262.55,
      139641.48,
      254956.17,
      132355.95,
      182215.41,
      109821.83
    ],
    [
      117409.93,
      108042.96,
      117950.09,
      81856.63,
      109637.41,
      109988.89,
      115977.34,
      236419.16,
      118373.34,
      119094.3,
      190089.44,
      292383.97,
      245404.81,
      0.0,
      236522.42,
      212569.39,
      10322.04,
      115884.72,
      110160.23,
      110546.98,
      10196.19,
      115054.1,
      72360.59,
      143601.03
    ],
    [
      121984.36,
      140613.97,
      120865.37,
      159297.92,
      144654.73,
      141493.28,
      144538.52,
      2033.54,
      120271.22,
      120659.68,
      206248.78,
      60679.98,
      7282.88,
      236522.42,
      0.0,
      30998.13,
      229202.95,
      122963.35,
      141164.81,
      131543.73,
      246858.42,
      124258.2,
      174117.67,
      101724.08
    ],
    [
      98031.32,
      116660.93,
      96912.33,
      135344.89,
      120701.69,
      117540.24,
      120585.48,
      51079.28,
      96318.18,
      96706.64,
      182295.73,
      107044.08,
      32794.1,
      212569.39,
      30998.13,
      0.0,
      204113.06,
      97873.45,
      116074.91,
      106453.84,
      221768.53,
      99168.3,
      149027.77,
      76634.18
    ],
    [
      109305.82,
      99938.85,
      109845.98,
      73752.52,
      101533.3,
      101884.78,
      107873.22,
      228315.05,
      110269.22,
      110990.2,
      181985.31,
      284279.84,
      237300.7,
      10322.04,
      229202.95,
      204113.06,
      0.0,
      107620.37,
      101895.88,
      102282.63,
      20366.49,
      106789.74,
      64096.23,
      135336.67
    ],
    [
      406.38,
      24257.49,
      2096.6,
      38660.22,
      30108.19,
      30459.66,
      34358.64,
      122075.44,
      2420.35,
      1930.27,
      100374.79,
      178040.23,
      131061.09,
      115884.72,
      122963.35,
      97873.45,
      107620.37,
      0.0,
      28175.88,
      5417.15,
      127718.55,
      2579.27,
      58663.7,
      29820.22
    ],
    [
      31991.09,
      4791.73,
      32531.24,
      32935.73,
      4791.55,
      1565.81,
      5465.17,
      140276.89,
      32954.49,
      33675.46,
      83613.94,
      196241.69,
      149262.55,
      110160.23,
      141164.81,
      116074.91,
      101895.88,
      28175.88,
      0.0,
      26542.19,
      120960.51,
      31049.3,
      88634.84,
      47086.72
    ],
    [
      5764.36,
      21088.23,
      7386.19,
      33322.48,
      24770.45,
      25121.93,
      31110.37,
      130655.83,
      7484.16,
      6994.08,
      95799.44,
      186620.63,
      139641.48,
      110546.98,
      131543.73,
      106453.84,
      102282.63,
      5417.15,
      26542.19,
      0.0,
      119891.73,
      8525.92,
      65989.2,
      36950.6
    ],
    [
      126961.29,
      117594.32,
      127501.45,
      91407.99,
      119188.77,
      119540.25,
      125528.69,
      245970.52,
      127924.69,
      128645.66,
      199640.78,
      301935.31,
      254956.17,
      10196.19,
      246858.42,
      221768.53,
      20366.49,
      127718.55,
      120960.51,
      119891.73,
      0.0,
      124777.71,
      82084.2,
      153324.64
    ],
    [
      1822.01,
      26508.35,
      2364.83,
      37829.59,
      29277.57,
      29629.04,
      35617.48,
      123370.29,
      3996.47,
      3506.39,
      99544.16,
      179335.09,
      132355.95,
      115054.1,
      124258.2,
      99168.3,
      106789.74,
      2579.27,
      31049.3,
      8525.92,
      124777.71,
      0.0,
      59554.25,
      30515.65
    ],
    [
      57906.44,
      85268.65,
      57090.37,
      56237.6,
      86863.1,
      87214.58,
      93203.02,
      173229.75,
      56496.22,
      56581.77,
      157162.53,
      229194.55,
      182215.41,
      72360.59,
      174117.67,
      149027.77,
      64096.23,
      58663.7,
      88634.84,
      65989.2,
      82084.2,
      59554.25,
      0.0,
      79005.91
    ],
    [
      29062.96,
      47692.57,
      27943.97,
      66376.53,
      51733.33,
      48571.89,
      51617.12,
      100836.16,
      27349.82,
      27738.28,
      113327.38,
      156800.97,
      109821.83,
      143601.03,
      101724.08,
      76634.18,
      135336.67,
      29820.22,
      47086.72,
      36950.6,
      153324.64,
      30515.65,
      79005.91,
      0.0
    ]
  ],
  "time_matrix": [
    [
      0,
      19,
      5,
      28,
      24,
      24,
      27,
      79,
      3,
      3,
      65,
      109,
      87,
      70,
      79,
      70,
      66,
      2,
      24,
      9,
      76,
      4,
      45,
      23
    ],
    [
      19,
      0,
      23,
      23,
      11,
      11,
      11,
      89,
      20,
      20,
      54,
      119,
      98,
      65,
      90,
      80,
      61,
      18,
      9,
      16,
      71,
      22,
      62,
      34
    ],
    [
      5,
      23,
      0,
      32,
      28,
      28,
      30,
      80,
      5,
      4,
      69,
      110,
      89,
      73,
      81,
      71,
      69,
      7,
      28,
      14,
      79,
      8,
      46,
      25
    ],
    [
      28,
      23,
      32,
      0,
      27,
      27,
      30,
      103,
      31,
      31,
      73,
      133,
      111,
      51,
      103,
      93,
      48,
      30,
      27,
      27,
      58,
      31,
      53,
      47
    ],
    [
      24,
      11,
      28,
      27,
      0,
      7,
      17,
      95,
      26,
      26,
      60,
      125,
      104,
      68,
      96,
      86,
      64,
      26,
      10,
      22,
      74,
      26,
      65,
      40
    ],
    [
      24,
      11,
      28,
      27,
      7,
      0,
      14,
      94,
      26,
      27,
      60,
      124,
      102,
      68,
      94,
      85,
      64,
      26,
      4,
      22,
      74,
      26,
      65,
      39
    ],
    [
      27,
      11,
      30,
      30,
      17,
      14,
      0,
      93,
      28,
      28,
      51,
      123,
      101,
      69,
      93,
      84,
      66,
      27,
      12,
      24,
      76,
      27,
      66,
      38
    ],
    [
      79,
      89,
      80,
      103,
      95,
      94,
      93,
      0,
      78,
      79,
      129,
      40,
      13,
      143,
      5,
      40,
      140,
      80,
      91,
      86,
      149,
      82,
      117,
      68
    ],
    [
      3,
      20,
      5,
      31,
      26,
      26,
      28,
      78,
      0,
      2,
      68,
      108,
      87,
      73,
      79,
      69,
      69,
      5,
      27,
      12,
      79,
      8,
      44,
      23
    ],
    [
      3,
      20,
      4,
      31,
      26,
      27,
      28,
      79,
      2,
      0,
      67,
      108,
      87,
      72,
      78,
      69,
      68,
      3,
      26,
      10,
      78,
      6,
      44,
      23
    ],
    [
      65,
      54,
      69,
      73,
      60,
      60,
      51,
      129,
      68,
      67,
      0,
      153,
      139,
      114,
      131,
      121,
      110,
      66,
      57,
      64,
      120,
      66,
      106,
      75
    ],
    [
      109,
      119,
      110,
      133,
      125,
      124,
      123,
      40,
      108,
      108,
      153,
      0,
      43,
      174,
      42,
      71,
      170,
      111,
      122,
      117,
      180,
      112,
      147,
      98
    ],
    [
      87,
      98,
      89,
      111,
      104,
      102,
      101,
      13,
      87,
      87,
      139,
      43,
      0,
      151,
      13,
      37,
      147,
      87,
      99,
      94,
      157,
      89,
      124,
      75
    ],
    [
      70,
      65,
      73,
      51,
      68,
      68,
      69,
      143,
      73,
      72,
      114,
      174,
      151,
      0,
      143,
      133,
      10,
      70,
      67,
      67,
      10,
      71,
      54,
      87
    ],
    [
      79,
      90,
      81,
      103,
      96,
      94,
      93,
      5,
      79,
      78,
      131,
      42,
      13,
      143,
      0,
      39,
      141,
      81,
      92,
      87,
      151,
      83,
      118,
      69
    ],
    [
      70,
      80,
      71,
      93,
      86,
      85,
      84,
      40,
      69,
      69,
      121,
      71,
      37,
      133,
      39,
      0,
      130,
      70,
      81,
      76,
      139,
      72,
      107,
      58
    ],
    [
      66,
      61,
      69,
      48,
      64,
      64,
      66,
      140,
      69,
      68,
      110,
      170,
      147,
      10,
      141,
      130,
      0,
      66,
      63,
      63,
      16,
      67,
      50,
      83
    ],
    [
      2,
      18,
      7,
      30,
      26,
      26,
      27,
      80,
      5,
      3,
      66,
      111,
      87,
      70,
      81,
      70,
      66,
      0,
      26,
      8,
      78,
      6,
      47,
      26
    ],
    [
      24,
      9,
      28,
      27,
      10,
      4,
      12,
      91,
      27,
      26,
      57,
      122,
      99,
      67,
      92,
      81,
      63,
      26,
      0,
      23,
      75,
      26,
      65,
      36
    ],
    [
      9,
      16,
      14,
      27,
      22,
      22,
      24,
      86,
      12,
      10,
      64,
      117,
      94,
      67,
      87,
      76,
      63,
      8,
      23,
      0,
      73,
      12,
      51,
      29
    ],
    [
      76,
      71,
      79,
      58,
      74,
      74,
      76,
      149,
      79,
      78,
      120,
      180,
      157,
      10,
      151,
      139,
      16,
      78,
      75,
      73,
      0,
      77,
      60,
      94
    ],
    [
      4,
      22,
      8,
      31,
      26,
      26,
      27,
      82,
      8,
      6,
      66,
      112,
      89,
      71,
      83,
      72,
      67,
      6,
      26,
      12,
      77,
      0,
      48,
      26
    ],
    [
      45,
      62,
      46,
      53,
      65,
      65,
      66,
      117,
      44,
      44,
      106,
      147,
      124,
      54,
      118,
      107,
      50,
      47,
      65,
      51,
      60,
      48,
      0,
      60
    ],
    [
      23,
      34,
      25,
      47,
      40,
      39,
      38,
      68,
      23,
      23,
      75,
      98,
      75,
      87,
      69,
      58,
      83,
      26,
      36,
      29,
      94,
      26,
      60,
      0
    ]
  ],
  "eta": [
    772,
    509,
    764,
    715,
    530,
    547,
    583,
    710,
    814,
    493,
    644,
    660,
    607,
    627,
    725,
    560,
    607,
    770,
    561,
    752,
    647,
    782,
    547,
    729
  ]
}